0 1133.8985595703125 716.2192993164062 1178.9241943359375 772.5673217773438 0.9388
0 430.19775390625 63.17822265625 486.7630615234375 96.41217041015625 0.9352
0 1743.28076171875 242.4679718017578 1801.531982421875 282.6430969238281 0.9221
0 1885.955322265625 892.5606689453125 1950.443603515625 943.7587890625 0.9169
0 706.3899536132812 1055.7188720703125 757.5584106445312 1100.7227783203125 0.9141
0 1101.660400390625 303.17901611328125 1176.902099609375 341.73504638671875 0.9124
0 542.3787841796875 733.8501586914062 585.0897216796875 773.4406127929688 0.9071
0 102.27336883544922 262.612060546875 171.77178955078125 298.12646484375 0.9069
0 185.46856689453125 687.547119140625 253.3480224609375 751.0882568359375 0.9038
0 798.3350830078125 423.05657958984375 854.868896484375 476.63446044921875 0.9035
0 1386.983642578125 1152.4107666015625 1459.988037109375 1208.1678466796875 0.9011
0 1962.439453125 523.47900390625 1996.53564453125 577.6484375 0.8977
0 1344.584716796875 667.2354736328125 1415.496337890625 709.5877685546875 0.8972
0 669.174072265625 695.6574096679688 750.97216796875 749.7943725585938 0.8884
0 949.9520874023438 735.949951171875 1011.1713256835938 772.7220458984375 0.8871
0 953.2809448242188 211.47964477539062 1017.1476440429688 245.68710327148438 0.8862
0 1647.5914306640625 914.1605834960938 1692.6312255859375 948.0480346679688 0.8852
0 1764.361572265625 728.34521484375 1820.03125 764.072265625 0.8844
0 1531.7955322265625 88.98428344726562 1588.9930419921875 157.18313598632812 0.8790
0 476.2894592285156 377.9136047363281 530.1041259765625 428.6762390136719 0.8787
0 401.5169982910156 589.93310546875 471.8996887207031 655.59326171875 0.8778
0 102.96736907958984 993.7261962890625 142.54751586914062 1051.3009033203125 0.8748
0 1831.61279296875 533.5339965820312 1875.7353515625 561.4589233398438 0.8747
0 1614.025634765625 87.24447631835938 1651.644775390625 138.92538452148438 0.8739
0 316.734130859375 124.24411010742188 350.04150390625 169.36892700195312 0.8726
0 1876.4664306640625 493.1522521972656 1913.7088623046875 516.7865600585938 0.8725
0 0.8848400115966797 922.8980712890625 45.23994445800781 962.712158203125 0.8721
0 264.641845703125 902.5360717773438 316.849609375 947.1270141601562 0.8625
0 824.202392578125 52.04039764404297 868.3917236328125 91.64167022705078 0.8602
0 1753.325439453125 522.4476928710938 1811.8505859375 567.3884887695312 0.8595
0 1225.4385986328125 11.227363586425781 1320.0516357421875 86.94109344482422 0.8577
0 1659.6287841796875 131.03192138671875 1692.3328857421875 184.84320068359375 0.8524
0 1062.3287353515625 1103.087890625 1112.6148681640625 1143.837890625 0.8504
0 192.06031799316406 1227.3026123046875 277.10888671875 1278.7554931640625 0.8461
0 1520.174072265625 406.3293762207031 1561.880126953125 456.1883239746094 0.8441
0 921.9190063476562 1212.88427734375 979.8676147460938 1258.444091796875 0.8416
0 1963.9205322265625 122.08753204345703 1988.7025146484375 162.5302734375 0.8381
0 606.1181640625 1127.7139892578125 644.264404296875 1170.8287353515625 0.8378
0 1904.23779296875 857.8296508789062 1965.798828125 894.3036499023438 0.8369
0 1457.8372802734375 1258.194580078125 1522.7056884765625 1307.004150390625 0.8256
0 357.350830078125 501.9356689453125 428.459716796875 561.0169677734375 0.8156
0 597.5007934570312 1298.476318359375 666.7767944335938 1335 0.8154
0 797.02392578125 24.205835342407227 833.88134765625 60.172462463378906 0.8147
0 729.5550537109375 224.48452758789062 767.1771240234375 261.5639953613281 0.8146
0 1478.74365234375 1006.0003662109375 1532.884765625 1058.0838623046875 0.8109
0 1819.89599609375 35.795166015625 1897.48388671875 90.76318359375 0.8100
0 1082.826904296875 469.66650390625 1141.119140625 536.5186767578125 0.8088
0 1057.2630615234375 0 1122.9749755859375 18.75284194946289 0.8054
0 1122.045166015625 445.4059753417969 1157.27001953125 473.0372619628906 0.8048
0 409.9053649902344 1246.492431640625 469.4859924316406 1304.074462890625 0.8013
0 809.4237060546875 906.5764770507812 865.553955078125 947.6410522460938 0.7934
0 402.3116455078125 970.3104858398438 431.9561767578125 1026.4769287109375 0.7911
0 827.0556640625 560.3238525390625 892.2255859375 619.148193359375 0.7807
0 323.47540283203125 296.35546875 359.73382568359375 329.416259765625 0.7801
0 1168.2276611328125 939.961669921875 1227.3402099609375 987.1207275390625 0.7768
0 29.79776382446289 491.1090393066406 97.41232299804688 550.150390625 0.7768
0 1568.0296630859375 85.30209350585938 1591.7530517578125 153.86776733398438 0.7604
0 399.71331787109375 969.4673461914062 440.14825439453125 987.8961791992188 0.7517
0 1550.3135986328125 747.3054809570312 1597.5623779296875 792.1596069335938 0.7513
0 698.6901245117188 255.74676513671875 754.4142456054688 308.30084228515625 0.7431
0 405.50555419921875 1045.3748779296875 442.30029296875 1077.3568115234375 0.7410
0 1.606689453125 941.1401977539062 54.962554931640625 965.0100708007812 0.7344
0 1899.6014404296875 683.4083862304688 1964.2857666015625 724.8516235351562 0.7182
0 1577.5667724609375 722.0759887695312 1624.5531005859375 753.8245239257812 0.7094
0 540.0004272460938 219.8823699951172 599.8433227539062 258.79193115234375 0.6952
0 358.59130859375 1025.6759033203125 415.7608642578125 1055.7337646484375 0.6914
0 1416.3892822265625 0.33689308166503906 1482.2899169921875 21.80263328552246 0.6908
0 1802.1136474609375 468.1479797363281 1852.5753173828125 508.3283386230469 0.6880
0 332.3980712890625 348.0 385.2921142578125 388.4951171875 0.6789
0 416.350830078125 558.7701416015625 456.8955078125 595.108642578125 0.6759
0 384.0 996.9861450195312 413.06707763671875 1042.8829345703125 0.6691
0 1435.411865234375 436.3515930175781 1475.010986328125 491.2859191894531 0.6524
0 140.66207885742188 107.14494323730469 182.06985473632812 150.40834045410156 0.6488
0 2.4684085845947266 966.8013305664062 61.984840393066406 996.4633178710938 0.6198
0 391.1766357421875 573.907958984375 432.0 636.140380859375 0.6124
0 52.56598663330078 992.9158325195312 100.86669158935547 1070.9439697265625 0.5849
0 1291.0390625 536.4313354492188 1361.682861328125 574.3099975585938 0.5751
0 1663.2254638671875 1225.986083984375 1710.0352783203125 1295.06103515625 0.5716
0 543.0977172851562 200.95172119140625 599.2448120117188 244.5174560546875 0.5671
0 1253.1102294921875 282.7384033203125 1318.1427001953125 338.604736328125 0.5155
